CC_Base_L_Hand (0.87006, 0.49011, 0.02662, 0.04567)
CC_Base_L_Index1 (0.96855, 0.23964, 0.04931, 0.04535)
CC_Base_L_Index2 (0.93323, -0.35156, 0.07096, 0.02131)
CC_Base_L_Index3 (0.63169, -0.77179, 0.07287, -0.00279)
CC_Base_L_Mid1 (0.96776, 0.23939, 0.05690, 0.05384)
CC_Base_L_Mid2 (0.95752, -0.27691, 0.07690, 0.02397)
CC_Base_L_Mid3 (0.68997, -0.71935, 0.08046, -0.00357)
CC_Base_L_Pinky1 (0.96805, 0.23938, 0.05236, 0.05329)
CC_Base_L_Pinky2 (0.95749, -0.27666, 0.07843, 0.02298)
CC_Base_L_Pinky3 (0.69080, -0.71901, 0.07540, -0.01133)
CC_Base_L_Ring1 (0.96855, 0.23947, 0.04675, 0.04883)
CC_Base_L_Ring2 (0.95860, -0.27686, 0.06416, 0.01800)
CC_Base_L_Ring3 (0.69176, -0.71922, 0.06303, -0.01472)
CC_Base_L_Thumb1 (0.94713, 0.14596, -0.25660, -0.12567)
CC_Base_L_Thumb2 (0.88566, 0.39127, -0.24866, -0.02602)
CC_Base_L_Thumb3 (0.78070, 0.46241, -0.01846, 0.41994)
CC_Base_L_Hand (3.06, 174.77, 121.07)
CC_Base_L_Index1 (3.68, 173.25, 151.99)
CC_Base_L_Index2 (5.14, 173.23, 220.98)
CC_Base_L_Index3 (6.25, 174.44, 281.10)
CC_Base_L_Mid1 (4.41, 172.17, 151.91)
CC_Base_L_Mid2 (5.08, 172.27, 211.92)
CC_Base_L_Mid3 (6.36, 173.29, 272.01)
CC_Base_L_Pinky1 (4.48, 172.69, 151.93)
CC_Base_L_Pinky2 (5.01, 172.07, 211.88)
CC_Base_L_Pinky3 (5.32, 173.05, 271.97)
CC_Base_L_Ring1 (4.14, 173.44, 151.99)
CC_Base_L_Ring2 (4.02, 173.49, 211.99)
CC_Base_L_Ring3 (4.03, 173.76, 272.01)
CC_Base_L_Thumb1 (350.61, 212.00, 159.78)
CC_Base_L_Thumb2 (8.54, 207.77, 134.44)
CC_Base_L_Thumb3 (42.28, 150.92, 107.27)
